V: 2
L: 0
X: 0
Y: 0
W: 50
H: 50
0;0;2;11
0;1;2;11
0;2;2;11
0;3;2;11
0;4;2;11
0;5;2;11
0;6;2;11
0;7;2;11
0;8;2;11
0;9;2;11
0;10;2;11
0;11;6;11
0;12;6;11
0;13;6;11
0;14;6;11
0;15;6534;11
0;16;12;11
0;17;12;11
0;18;12;11
0;19;12;11
0;20;12;11
0;21;12;11
0;22;12;11
0;23;12;11
0;24;12;11
0;25;12;11
0;26;12;11
0;27;12;11
0;28;12;11
0;29;12;11
0;30;12;11
0;31;12;11
0;32;12;11
0;33;12;11
0;34;12;11
0;35;12;11
0;36;12;11
0;37;12;11
0;38;12;11
0;39;12;11
0;40;12;11
0;41;12;11
0;42;23939;11
0;43;7555;11
0;44;3;11
0;45;3;11
0;46;3;11
0;47;3;11
0;48;3;11
0;49;3;11
1;0;2;11
1;1;2;11
1;2;2;11
1;3;2;11
1;4;2;11
1;5;2;11
1;6;2;11
1;7;2;11
1;8;2;11
1;9;25670;11
1;10;3142;11
1;11;6;11
1;12;6;11
1;13;6;11
1;14;6;11
1;15;5510;11
1;16;12;11
1;17;12;11
1;18;12;11
1;19;12;11
1;20;12;11
1;21;12;11
1;22;12;11
1;23;12;11
1;24;12;11
1;25;12;11
1;26;19846;11
1;27;10630;11
1;28;20870;11
1;29;12;11
1;30;12;11
1;31;12;11
1;32;12;11
1;33;12;11
1;34;12;11
1;35;12;11
1;36;12;11
1;37;12;11
1;38;12;11
1;39;12;11
1;40;12;11
1;41;12;11
1;42;12;11
1;43;12;11
1;44;2435;11
1;45;3;11
1;46;3;11
1;47;3;11
1;48;3;11
1;49;3;11
2;0;2;11
2;1;2;11
2;2;2;11
2;3;2;11
2;4;2;11
2;5;2;11
2;6;2;11
2;7;2;11
2;8;2;11
2;9;9286;11
2;10;6;11
2;11;6;11
2;12;6;11
2;13;6;11
2;14;6;11
2;15;6;11
2;16;4486;11
2;17;20870;11
2;18;12;11
2;19;12;11
2;20;12;11
2;21;12;11
2;22;12;11
2;23;19846;11
2;24;10630;11
2;25;3462;11
2;26;6;11
2;27;6;11
2;28;6;11
2;29;4486;11
2;30;10630;11
2;31;20870;11
2;32;12;11
2;33;12;11
2;34;12;11
2;35;12;11
2;36;12;11
2;37;12;11
2;38;12;11
2;39;12;11
2;40;12;11
2;41;12;11
2;42;12;11
2;43;12;11
2;44;9603;11
2;45;3;11
2;46;3;11
2;47;3;11
2;48;3;11
2;49;3;11
3;0;2;11
3;1;2;11
3;2;2;11
3;3;2;11
3;4;2;11
3;5;2;11
3;6;2;11
3;7;2;11
3;8;2;11
3;9;9286;11
3;10;6;11
3;11;6;11
3;12;6;11
3;13;6;11
3;14;6;11
3;15;6;11
3;16;6;11
3;17;6;11
3;18;4486;11
3;19;10630;11
3;20;10630;11
3;21;10630;11
3;22;3462;11
3;23;6;11
3;24;6;11
3;25;6;11
3;26;6;11
3;27;6;11
3;28;6;11
3;29;6;11
3;30;6;11
3;31;6;11
3;32;4486;11
3;33;20870;11
3;34;12;11
3;35;12;11
3;36;12;11
3;37;12;11
3;38;12;11
3;39;12;11
3;40;12;11
3;41;12;11
3;42;12;11
3;43;12;11
3;44;9603;11
3;45;3;11
3;46;3;11
3;47;3;11
3;48;3;11
3;49;3;11
4;0;2;11
4;1;2;11
4;2;2;11
4;3;2;11
4;4;2;11
4;5;2;11
4;6;2;11
4;7;2;11
4;8;2;11
4;9;1094;11
4;10;6;11
4;11;6;11
4;12;6;11
4;13;6;11
4;14;6;11
4;15;6;11
4;16;6;11
4;17;6;11
4;18;6;11
4;19;6;11
4;20;6;11
4;21;6;11
4;22;6;11
4;23;6;11
4;24;6;11
4;25;6;11
4;26;6;11
4;27;6;11
4;28;6;11
4;29;6;11
4;30;6;11
4;31;6;11
4;32;6;11
4;33;6;11
4;34;4486;11
4;35;10630;11
4;36;10630;11
4;37;10630;11
4;38;10630;11
4;39;10630;11
4;40;20870;11
4;41;12;11
4;42;12;11
4;43;12;11
4;44;27011;11
4;45;12675;11
4;46;7555;11
4;47;3;11
4;48;3;11
4;49;3;11
5;0;2;11
5;1;2;11
5;2;2;11
5;3;2;11
5;4;2;11
5;5;2;11
5;6;25670;11
5;7;10310;11
5;8;3142;11
5;9;6;11
5;10;6;11
5;11;6;11
5;12;6;11
5;13;6;11
5;14;6;11
5;15;6;11
5;16;6;11
5;17;6;11
5;18;6;11
5;19;6;11
5;20;6;11
5;21;6;11
5;22;6;11
5;23;6;11
5;24;6;11
5;25;6;11
5;26;6;11
5;27;6;11
5;28;6;11
5;29;6;11
5;30;6;11
5;31;6;11
5;32;6;11
5;33;6;11
5;34;6;11
5;35;6;11
5;36;6;11
5;37;6;11
5;38;6;11
5;39;6;11
5;40;6;11
5;41;15750;11
5;42;12;11
5;43;12;11
5;44;12;11
5;45;12;11
5;46;12;11
5;47;2435;11
5;48;3;11
5;49;3;11
6;0;2;11
6;1;2;11
6;2;2;11
6;3;2;11
6;4;2;11
6;5;2;11
6;6;9286;11
6;7;6;11
6;8;6;11
6;9;6;11
6;10;6;11
6;11;6;11
6;12;8454;11
6;13;12550;11
6;14;12550;11
6;15;7430;11
6;16;6;11
6;17;6;11
6;18;6;11
6;19;6;11
6;20;6;11
6;21;6;11
6;22;6;11
6;23;6;11
6;24;6;11
6;25;6;11
6;26;6;11
6;27;6;11
6;28;6;11
6;29;6;11
6;30;6;11
6;31;6;11
6;32;6;11
6;33;6;11
6;34;6;11
6;35;6;11
6;36;6;11
6;37;6;11
6;38;6;11
6;39;6;11
6;40;6;11
6;41;6;11
6;42;15750;11
6;43;12;11
6;44;12;11
6;45;12;11
6;46;12;11
6;47;27011;11
6;48;7555;11
6;49;3;11
7;0;2;11
7;1;2;11
7;2;2;11
7;3;2;11
7;4;2;11
7;5;2;11
7;6;9286;11
7;7;6;11
7;8;6;11
7;9;6;11
7;10;8454;11
7;11;24838;11
7;12;8;11
7;13;8;11
7;14;8;11
7;15;8;11
7;16;23814;11
7;17;12550;11
7;18;7430;11
7;19;6;11
7;20;6;11
7;21;6;11
7;22;6;11
7;23;6;11
7;24;6;11
7;25;6;11
7;26;8454;11
7;27;12550;11
7;28;12550;11
7;29;12550;11
7;30;12550;11
7;31;12550;11
7;32;12550;11
7;33;7430;11
7;34;6;11
7;35;6;11
7;36;6;11
7;37;6;11
7;38;6;11
7;39;6;11
7;40;6;11
7;41;6;11
7;42;6;11
7;43;4486;11
7;44;20870;11
7;45;12;11
7;46;12;11
7;47;12;11
7;48;12;11
7;49;14723;11
8;0;2;11
8;1;2;11
8;2;2;11
8;3;2;11
8;4;2;11
8;5;2;11
8;6;9286;11
8;7;6;11
8;8;6;11
8;9;16646;11
8;10;8;11
8;11;8;11
8;12;8;11
8;13;8;11
8;14;8;11
8;15;8;11
8;16;8;11
8;17;8;11
8;18;8;11
8;19;14598;11
8;20;6;11
8;21;6;11
8;22;6;11
8;23;6;11
8;24;6;11
8;25;16646;11
8;26;8;11
8;27;8;11
8;28;8;11
8;29;8;11
8;30;8;11
8;31;8;11
8;32;8;11
8;33;8;11
8;34;2310;11
8;35;6;11
8;36;6;11
8;37;6;11
8;38;6;11
8;39;6;11
8;40;6;11
8;41;6;11
8;42;6;11
8;43;6;11
8;44;6;11
8;45;22918;11
8;46;12;11
8;47;12;11
8;48;12;11
8;49;12;11
9;0;2;11
9;1;2;11
9;2;2;11
9;3;2;11
9;4;2;11
9;5;2;11
9;6;9286;11
9;7;8454;11
9;8;24838;11
9;9;8;11
9;10;8;11
9;11;8;11
9;12;8;11
9;13;8;11
9;14;8;11
9;15;8;11
9;16;8;11
9;17;8;11
9;18;8;11
9;19;8;11
9;20;23814;11
9;21;12550;11
9;22;12550;11
9;23;12550;11
9;24;24838;11
9;25;8;11
9;26;8;11
9;27;8;11
9;28;8;11
9;29;8;11
9;30;8;11
9;31;8;11
9;32;8;11
9;33;8;11
9;34;26886;11
9;35;12550;11
9;36;7430;11
9;37;6;11
9;38;6;11
9;39;6;11
9;40;6;11
9;41;6;11
9;42;6;11
9;43;6;11
9;44;6;11
9;45;11654;11
9;46;12;11
9;47;12;11
9;48;12;11
9;49;12;11
10;0;2;11
10;1;2;11
10;2;2;11
10;3;2;11
10;4;2;11
10;5;8450;11
10;6;24838;11
10;7;8;11
10;8;8;11
10;9;8;11
10;10;8;11
10;11;8;11
10;12;8;11
10;13;8;11
10;14;19724;11
10;15;20748;11
10;16;8;11
10;17;8;11
10;18;8;11
10;19;8;11
10;20;8;11
10;21;8;11
10;22;8;11
10;23;8;11
10;24;8;11
10;25;8;11
10;26;8;11
10;27;8;11
10;28;19724;11
10;29;10508;11
10;30;10508;11
10;31;10508;11
10;32;20748;11
10;33;8;11
10;34;8;11
10;35;8;11
10;36;8;11
10;37;2310;11
10;38;6;11
10;39;6;11
10;40;6;11
10;41;6;11
10;42;6;11
10;43;6;11
10;44;6;11
10;45;11654;11
10;46;12;11
10;47;12;11
10;48;12;11
10;49;12;11
11;0;2;11
11;1;2;11
11;2;2;11
11;3;2;11
11;4;6402;11
11;5;8;11
11;6;8;11
11;7;8;11
11;8;8;11
11;9;8;11
11;10;8;11
11;11;8;11
11;12;19724;11
11;13;3340;11
11;14;12;11
11;15;12;11
11;16;15628;11
11;17;8;11
11;18;8;11
11;19;8;11
11;20;8;11
11;21;8;11
11;22;8;11
11;23;8;11
11;24;8;11
11;25;8;11
11;26;8;11
11;27;17676;11
11;28;12;11
11;29;12;11
11;30;12;11
11;31;12;11
11;32;12;11
11;33;15628;11
11;34;8;11
11;35;8;11
11;36;8;11
11;37;1286;11
11;38;6;11
11;39;6;11
11;40;6;11
11;41;6;11
11;42;6;11
11;43;6;11
11;44;6;11
11;45;11654;11
11;46;12;11
11;47;12;11
11;48;12;11
11;49;12;11
12;0;2;11
12;1;2;11
12;2;2;11
12;3;2;11
12;4;21762;11
12;5;8;11
12;6;8;11
12;7;8;11
12;8;8;11
12;9;8;11
12;10;19724;11
12;11;3340;11
12;12;12;11
12;13;12;11
12;14;12;11
12;15;12;11
12;16;12;11
12;17;15628;11
12;18;8;11
12;19;8;11
12;20;8;11
12;21;8;11
12;22;8;11
12;23;8;11
12;24;8;11
12;25;8;11
12;26;8;11
12;27;1292;11
12;28;12;11
12;29;12;11
12;30;12;11
12;31;12;11
12;32;12;11
12;33;12;11
12;34;4364;11
12;35;10508;11
12;36;3340;11
12;37;14726;11
12;38;6;11
12;39;6;11
12;40;6;11
12;41;6;11
12;42;6;11
12;43;6;11
12;44;6;11
12;45;11654;11
12;46;12;11
12;47;12;11
12;48;12;11
12;49;12;11
13;0;2;11
13;1;2;11
13;2;2;11
13;3;6402;11
13;4;8;11
13;5;8;11
13;6;8;11
13;7;8;11
13;8;19724;11
13;9;3340;11
13;10;12;11
13;11;12;11
13;12;12;11
13;13;12;11
13;14;12;11
13;15;12;11
13;16;12;11
13;17;12;11
13;18;4364;11
13;19;20748;11
13;20;8;11
13;21;8;11
13;22;8;11
13;23;8;11
13;24;8;11
13;25;8;11
13;26;13580;11
13;27;12;11
13;28;12;11
13;29;12;11
13;30;8556;11
13;31;7532;11
13;32;12;11
13;33;12;11
13;34;12;11
13;35;12;11
13;36;12;11
13;37;12;11
13;38;2438;11
13;39;6;11
13;40;6;11
13;41;6;11
13;42;6;11
13;43;6;11
13;44;6;11
13;45;21894;11
13;46;12;11
13;47;12;11
13;48;12;11
13;49;12;11
14;0;2;11
14;1;2;11
14;2;2;11
14;3;21762;11
14;4;8;11
14;5;8;11
14;6;8;11
14;7;17666;11
14;8;2124;11
14;9;12;11
14;10;12;11
14;11;12;11
14;12;12;11
14;13;12;11
14;14;12;11
14;15;12;11
14;16;12;11
14;17;12;11
14;18;12;11
14;19;12;11
14;20;15628;11
14;21;8;11
14;22;8;11
14;23;8;11
14;24;19724;11
14;25;3340;11
14;26;12;11
14;27;12;11
14;28;12;11
14;29;6508;11
14;30;11;11
14;31;11;11
14;32;2412;11
14;33;12;11
14;34;12;11
14;35;12;11
14;36;12;11
14;37;12;11
14;38;1414;11
14;39;6;11
14;40;6;11
14;41;6;11
14;42;6;11
14;43;6;11
14;44;6534;11
14;45;12;11
14;46;12;11
14;47;12;11
14;48;12;11
14;49;12;11
15;0;2;11
15;1;2;11
15;2;6402;11
15;3;8;11
15;4;8;11
15;5;8;11
15;6;8;11
15;7;1282;11
15;8;9292;11
15;9;12;11
15;10;12;11
15;11;12;11
15;12;12;3
15;13;45;3
15;14;48;3
15;15;48;3
15;16;48;3
15;17;48;3
15;18;48;3
15;19;48;3
15;20;48;3
15;21;48;3
15;22;48;3
15;23;51;3
15;24;12;11
15;25;12;11
15;26;12;11
15;27;12;11
15;28;12;11
15;29;5484;11
15;30;11;11
15;31;11;11
15;32;26988;11
15;33;7532;11
15;34;12;11
15;35;12;11
15;36;12;11
15;37;17798;11
15;38;6;11
15;39;6;11
15;40;6;11
15;41;6;11
15;42;6;11
15;43;6;11
15;44;11654;11
15;45;12;11
15;46;12;11
15;47;12;11
15;48;12;11
15;49;12;11
16;0;2;11
16;1;2;11
16;2;11522;11
16;3;8;11
16;4;8;11
16;5;8;11
16;6;17666;11
16;7;2;11
16;8;9292;11
16;9;12;11
16;10;12;11
16;11;12;11
16;12;12;3
16;13;46;3
16;14;49;3
16;15;49;3
16;16;49;3
16;17;45;3
16;18;48;3
16;19;51;3
16;20;49;3
16;21;49;3
16;22;49;3
16;23;52;3
16;24;12;11
16;25;12;11
16;26;12;11
16;27;12;11
16;28;12;11
16;29;12;11
16;30;22892;11
16;31;11;11
16;32;11;11
16;33;11;11
16;34;2412;11
16;35;12;11
16;36;12;11
16;37;9606;11
16;38;6;11
16;39;6;11
16;40;6;11
16;41;6;11
16;42;6;11
16;43;6;11
16;44;11654;11
16;45;12;11
16;46;12;11
16;47;12;11
16;48;12;11
16;49;12;11
17;0;2;11
17;1;2;11
17;2;11522;11
17;3;8;11
17;4;8;11
17;5;8;11
17;6;9474;11
17;7;2;11
17;8;9292;11
17;9;12;11
17;10;12;11
17;11;12;11
17;12;12;3
17;13;46;3
17;14;49;3
17;15;49;3
17;16;49;3
17;17;46;3
17;18;49;3
17;19;52;3
17;20;49;3
17;21;49;3
17;22;49;3
17;23;52;3
17;24;12;11
17;25;12;11
17;26;12;11
17;27;12;11
17;28;12;11
17;29;12;11
17;30;5484;11
17;31;11;11
17;32;11;11
17;33;11;11
17;34;1388;11
17;35;12;11
17;36;12;11
17;37;9606;11
17;38;6;11
17;39;6;11
17;40;6;11
17;41;6;11
17;42;6;11
17;43;6;11
17;44;11654;11
17;45;12;11
17;46;12;11
17;47;12;11
17;48;12;11
17;49;12;11
18;0;2;11
18;1;2;11
18;2;11522;11
18;3;8;11
18;4;8;11
18;5;8;11
18;6;9474;11
18;7;2;11
18;8;9292;11
18;9;12;11
18;10;12;11
18;11;12;11
18;12;12;3
18;13;46;3
18;14;49;3
18;15;49;3
18;16;49;3
18;17;46;3
18;18;49;3
18;19;52;3
18;20;49;3
18;21;49;3
18;22;49;3
18;23;52;3
18;24;12;11
18;25;12;11
18;26;12;11
18;27;12;11
18;28;12;11
18;29;12;11
18;30;12;11
18;31;4460;11
18;32;10604;11
18;33;3436;11
18;34;12;11
18;35;12;11
18;36;12;11
18;37;9606;11
18;38;6;11
18;39;6;11
18;40;6;11
18;41;6;11
18;42;6;11
18;43;6;11
18;44;5510;11
18;45;12;11
18;46;12;11
18;47;12;11
18;48;12;11
18;49;12;11
19;0;2;11
19;1;2;11
19;2;11522;11
19;3;8;11
19;4;8;11
19;5;8;11
19;6;9474;11
19;7;2;11
19;8;26700;11
19;9;7244;11
19;10;12;11
19;11;12;11
19;12;12;3
19;13;46;3
19;14;49;3
19;15;49;3
19;16;49;3
19;17;46;3
19;18;49;3
19;19;52;3
19;20;49;3
19;21;49;3
19;22;49;3
19;23;52;3
19;24;8748;11
19;25;12844;11
19;26;12844;11
19;27;12844;11
19;28;12844;11
19;29;7724;11
19;30;12;11
19;31;12;11
19;32;12;11
19;33;12;11
19;34;12;11
19;35;12;11
19;36;12;11
19;37;9606;11
19;38;6;11
19;39;6;11
19;40;6;11
19;41;6;11
19;42;6;11
19;43;6;11
19;44;6;11
19;45;22918;11
19;46;12;11
19;47;12;11
19;48;12;11
19;49;12;11
20;0;2;11
20;1;2;11
20;2;5378;11
20;3;8;11
20;4;8;11
20;5;8;11
20;6;1282;11
20;7;2;11
20;8;2;11
20;9;2;11
20;10;2124;11
20;11;12;11
20;12;12;3
20;13;46;3
20;14;49;3
20;15;49;3
20;16;49;3
20;17;46;3
20;18;49;3
20;19;52;3
20;20;49;3
20;21;49;3
20;22;49;3
20;23;52;3
20;24;17;11
20;25;17;11
20;26;17;11
20;27;17;11
20;28;17;11
20;29;17;11
20;30;24108;11
20;31;7724;11
20;32;12;11
20;33;12;11
20;34;12;11
20;35;12;11
20;36;12;11
20;37;1414;11
20;38;6;11
20;39;6;11
20;40;6;11
20;41;6;11
20;42;6;11
20;43;6;11
20;44;6;11
20;45;11654;11
20;46;12;11
20;47;12;11
20;48;12;11
20;49;12;11
21;0;2;11
21;1;2;11
21;2;2;11
21;3;4354;11
21;4;10498;11
21;5;3330;11
21;6;2;11
21;7;2;11
21;8;2;11
21;9;2;11
21;10;9292;11
21;11;12;11
21;12;12;3
21;13;46;3
21;14;45;3
21;15;48;3
21;16;48;3
21;17;48;3
21;18;48;3
21;19;48;3
21;20;48;3
21;21;48;3
21;22;51;3
21;23;52;3
21;24;17;11
21;25;17;11
21;26;17;11
21;27;17;11
21;28;17;11
21;29;17;11
21;30;17;11
21;31;17;11
21;32;2604;11
21;33;12;11
21;34;12;11
21;35;12;11
21;36;17798;11
21;37;6;11
21;38;6;11
21;39;6;11
21;40;6;11
21;41;6;11
21;42;6;11
21;43;6;11
21;44;6;11
21;45;11654;11
21;46;12;11
21;47;12;11
21;48;12;11
21;49;12;11
22;0;2;11
22;1;2;11
22;2;2;11
22;3;2;11
22;4;2;11
22;5;2;11
22;6;2;11
22;7;2;11
22;8;2;11
22;9;2;11
22;10;18508;11
22;11;12;11
22;12;12;3
22;13;46;3
22;14;47;3
22;15;50;3
22;16;50;3
22;17;50;3
22;18;50;3
22;19;50;3
22;20;50;3
22;21;50;3
22;22;53;3
22;23;52;3
22;24;17;11
22;25;17;11
22;26;17;11
22;27;17;11
22;28;17;11
22;29;17;11
22;30;17;11
22;31;17;11
22;32;9772;11
22;33;12;11
22;34;12;11
22;35;12;11
22;36;1414;11
22;37;6;11
22;38;6;11
22;39;6;11
22;40;6;11
22;41;6;11
22;42;6;11
22;43;6;11
22;44;6;11
22;45;11654;11
22;46;12;11
22;47;12;11
22;48;12;11
22;49;12;11
23;0;2;11
23;1;2;11
23;2;2;11
23;3;2;11
23;4;2;11
23;5;2;11
23;6;2;11
23;7;2;11
23;8;2;11
23;9;2;11
23;10;2;11
23;11;2124;11
23;12;12;3
23;13;46;3
23;14;49;3
23;15;49;3
23;16;49;3
23;17;46;3
23;18;49;3
23;19;52;3
23;20;49;3
23;21;49;3
23;22;49;3
23;23;52;3
23;24;17;11
23;25;17;11
23;26;17;11
23;27;17;11
23;28;17;11
23;29;17;11
23;30;17;11
23;31;17;11
23;32;9772;11
23;33;25990;11
23;34;10630;11
23;35;3462;11
23;36;6;11
23;37;6;11
23;38;6;11
23;39;6;11
23;40;6;11
23;41;6;11
23;42;6;11
23;43;8582;11
23;44;12678;11
23;45;29062;11
23;46;12;11
23;47;12;11
23;48;12;11
23;49;12;11
24;0;2;11
24;1;2;11
24;2;2;11
24;3;2;11
24;4;2;11
24;5;2;11
24;6;2;11
24;7;2;11
24;8;2;11
24;9;2;11
24;10;2;11
24;11;1100;11
24;12;12;3
24;13;46;3
24;14;49;3
24;15;49;3
24;16;49;3
24;17;46;3
24;18;49;3
24;19;52;3
24;20;49;3
24;21;49;3
24;22;49;3
24;23;52;3
24;24;4652;11
24;25;10796;11
24;26;10796;11
24;27;10796;11
24;28;28204;11
24;29;17;11
24;30;17;11
24;31;17;11
24;32;9772;11
24;33;9606;11
24;34;6;11
24;35;6;11
24;36;6;11
24;37;6;11
24;38;6;11
24;39;6;11
24;40;6;11
24;41;6;11
24;42;16774;11
24;43;12;11
24;44;12;11
24;45;12;11
24;46;8556;11
24;47;7532;11
24;48;12;11
24;49;12;11
25;0;2;11
25;1;2;11
25;2;2;11
25;3;2;11
25;4;2;11
25;5;2;11
25;6;2;11
25;7;2;11
25;8;2;11
25;9;2;11
25;10;13388;11
25;11;12;11
25;12;12;3
25;13;46;3
25;14;49;3
25;15;49;3
25;16;49;3
25;17;46;3
25;18;49;3
25;19;52;3
25;20;49;3
25;21;49;3
25;22;49;3
25;23;52;3
25;24;12;11
25;25;12;11
25;26;12;11
25;27;12;11
25;28;5676;11
25;29;17;11
25;30;17;11
25;31;17;11
25;32;1580;11
25;33;9606;11
25;34;6;11
25;35;6;11
25;36;6;11
25;37;6;11
25;38;6;11
25;39;6;11
25;40;6;11
25;41;6534;11
25;42;12;11
25;43;12;11
25;44;12;11
25;45;6508;11
25;46;11;11
25;47;11;11
25;48;14700;11
25;49;12;11
26;0;2;11
26;1;2;11
26;2;2;11
26;3;2;11
26;4;2;11
26;5;2;11
26;6;2;11
26;7;2;11
26;8;2;11
26;9;13388;11
26;10;12;11
26;11;12;11
26;12;12;3
26;13;46;3
26;14;49;3
26;15;49;3
26;16;49;3
26;17;47;3
26;18;50;3
26;19;53;3
26;20;49;3
26;21;49;3
26;22;49;3
26;23;52;3
26;24;12;11
26;25;12;11
26;26;12;11
26;27;12;11
26;28;12;11
26;29;4652;11
26;30;10796;11
26;31;3628;11
26;32;12;11
26;33;1414;11
26;34;6;11
26;35;6;11
26;36;6;11
26;37;6;11
26;38;6;11
26;39;6;11
26;40;6;11
26;41;11654;11
26;42;12;11
26;43;12;11
26;44;12;11
26;45;11628;11
26;46;11;11
26;47;11;11
26;48;11;11
26;49;14700;11
27;0;2;11
27;1;2;11
27;2;2;11
27;3;2;11
27;4;2;11
27;5;2;11
27;6;2;11
27;7;2;11
27;8;17484;11
27;9;12;11
27;10;12;11
27;11;12;11
27;12;12;3
27;13;47;3
27;14;50;3
27;15;50;3
27;16;50;3
27;17;50;3
27;18;50;3
27;19;50;3
27;20;50;3
27;21;50;3
27;22;50;3
27;23;53;3
27;24;12;11
27;25;12;11
27;26;12;11
27;27;19846;11
27;28;10630;11
27;29;10630;11
27;30;10630;11
27;31;10630;11
27;32;3462;11
27;33;6;11
27;34;6;11
27;35;6;11
27;36;6;11
27;37;6;11
27;38;6;11
27;39;6;11
27;40;6;11
27;41;5510;11
27;42;12;11
27;43;12;11
27;44;12;11
27;45;5484;11
27;46;11;11
27;47;11;11
27;48;11;11
27;49;11;11
28;0;2;11
28;1;2;11
28;2;2;11
28;3;2;11
28;4;2;11
28;5;2;11
28;6;2;11
28;7;2;11
28;8;9292;11
28;9;12;11
28;10;12;11
28;11;12;11
28;12;12;3
28;13;12;3
28;14;12;3
28;15;12;3
28;16;12;3
28;17;12;3
28;18;12;3
28;19;12;3
28;20;12;3
28;21;12;3
28;22;12;3
28;23;12;3
28;24;12;11
28;25;12;11
28;26;13702;11
28;27;6;11
28;28;6;11
28;29;6;11
28;30;6;11
28;31;6;11
28;32;6;11
28;33;6;11
28;34;6;11
28;35;6;11
28;36;6;11
28;37;6;11
28;38;6;11
28;39;6;11
28;40;6;11
28;41;6;11
28;42;15750;11
28;43;12;11
28;44;12;11
28;45;12;11
28;46;4460;11
28;47;28012;11
28;48;11;11
28;49;11;11
29;0;2;11
29;1;2;11
29;2;2;11
29;3;2;11
29;4;2;11
29;5;2;11
29;6;2;11
29;7;2;11
29;8;9292;11
29;9;12;11
29;10;12;11
29;11;12;11
29;12;12;11
29;13;12;11
29;14;12;11
29;15;12;11
29;16;12;11
29;17;12;11
29;18;12;11
29;19;12;11
29;20;12;11
29;21;12;11
29;22;12;11
29;23;12;11
29;24;19846;11
29;25;3462;11
29;26;6;11
29;27;6;11
29;28;6;11
29;29;6;11
29;30;6;11
29;31;6;11
29;32;6;11
29;33;6;11
29;34;6;11
29;35;6;11
29;36;6;11
29;37;6;11
29;38;6;11
29;39;6;11
29;40;6;11
29;41;6;11
29;42;6;11
29;43;22918;11
29;44;12;11
29;45;12;11
29;46;12;11
29;47;5484;11
29;48;11;11
29;49;11;11
30;0;2;11
30;1;2;11
30;2;2;11
30;3;2;11
30;4;6658;11
30;5;16;11
30;6;2562;11
30;7;2;11
30;8;9292;11
30;9;12;11
30;10;12;11
30;11;12;11
30;12;12;11
30;13;12;11
30;14;12;11
30;15;12;11
30;16;12;11
30;17;12;11
30;18;12;11
30;19;12;11
30;20;12;11
30;21;19846;11
30;22;10630;11
30;23;3462;11
30;24;6;11
30;25;6;11
30;26;6;11
30;27;6;11
30;28;6;11
30;29;6;11
30;30;6;11
30;31;6;11
30;32;6;11
30;33;6;11
30;34;6;11
30;35;6;11
30;36;6;11
30;37;6;11
30;38;6;11
30;39;6;11
30;40;6;11
30;41;6;11
30;42;6;11
30;43;5510;11
30;44;12;11
30;45;12;11
30;46;12;11
30;47;12;11
30;48;22892;11
30;49;11;11
31;0;2;11
31;1;2;11
31;2;2;11
31;3;2;11
31;4;22018;11
31;5;16;11
31;6;18946;11
31;7;2;11
31;8;1100;11
31;9;12;11
31;10;12;11
31;11;12;11
31;12;12;11
31;13;12;11
31;14;12;11
31;15;12;11
31;16;12;11
31;17;12;11
31;18;12;11
31;19;12;11
31;20;13702;11
31;21;6;11
31;22;6;11
31;23;6;11
31;24;6;11
31;25;6;11
31;26;6;11
31;27;6;11
31;28;6;11
31;29;6;11
31;30;6;11
31;31;6;11
31;32;6;11
31;33;6;11
31;34;6;11
31;35;6;11
31;36;6;11
31;37;6;11
31;38;6;11
31;39;6;11
31;40;6;11
31;41;6;11
31;42;6;11
31;43;6;11
31;44;22918;11
31;45;12;11
31;46;12;11
31;47;12;11
31;48;21868;11
31;49;11;11
32;0;2;11
32;1;2;11
32;2;2;11
32;3;2;11
32;4;16;11
32;5;16;11
32;6;16;11
32;7;14860;11
32;8;12;11
32;9;12;11
32;10;12;11
32;11;12;11
32;12;12;11
32;13;12;11
32;14;12;11
32;15;12;11
32;16;12;11
32;17;19846;11
32;18;10630;11
32;19;3462;11
32;20;6;11
32;21;6;11
32;22;6;11
32;23;6;11
32;24;6;11
32;25;6;11
32;26;6;11
32;27;6;11
32;28;6;11
32;29;6;11
32;30;6;11
32;31;6;11
32;32;6;11
32;33;6;11
32;34;6;11
32;35;6;11
32;36;6;11
32;37;6;11
32;38;6;11
32;39;6;11
32;40;6;11
32;41;6;11
32;42;6;11
32;43;6;11
32;44;5510;11
32;45;12;11
32;46;12;11
32;47;16748;11
32;48;11;11
32;49;11;11
33;0;2;11
33;1;2;11
33;2;2;11
33;3;2;11
33;4;15874;11
33;5;16;11
33;6;16;11
33;7;16;11
33;8;24076;11
33;9;7692;11
33;10;12;11
33;11;12;11
33;12;12;11
33;13;12;11
33;14;12;11
33;15;25990;11
33;16;3462;11
33;17;6;11
33;18;6;11
33;19;6;11
33;20;6;11
33;21;6;11
33;22;6;11
33;23;6;11
33;24;6;11
33;25;6;11
33;26;6;11
33;27;8582;11
33;28;12678;11
33;29;12678;11
33;30;12678;11
33;31;12678;11
33;32;12678;11
33;33;12678;11
33;34;12678;11
33;35;7558;11
33;36;6;11
33;37;6;11
33;38;6;11
33;39;6;11
33;40;6;11
33;41;6;11
33;42;6;11
33;43;6;11
33;44;6;11
33;45;15750;11
33;46;6508;11
33;47;11;11
33;48;11;11
33;49;11;11
34;0;2;11
34;1;2;11
34;2;2;11
34;3;2;11
34;4;2;11
34;5;23042;11
34;6;16;11
34;7;16;11
34;8;16;11
34;9;16;11
34;10;14860;11
34;11;12;11
34;12;12;11
34;13;12;11
34;14;12;11
34;15;1414;11
34;16;6;11
34;17;6;11
34;18;6;11
34;19;6;11
34;20;6;11
34;21;6;11
34;22;6;11
34;23;6;11
34;24;6;11
34;25;8582;11
34;26;24966;11
34;27;12;11
34;28;12;11
34;29;12;11
34;30;12;11
34;31;12;11
34;32;12;11
34;33;12;11
34;34;12;11
34;35;12;11
34;36;23942;11
34;37;7558;11
34;38;6;11
34;39;6;11
34;40;6;11
34;41;6;11
34;42;6;11
34;43;6;11
34;44;6;11
34;45;6;11
34;46;5478;11
34;47;11;11
34;48;19820;11
34;49;3436;11
35;0;2;11
35;1;2;11
35;2;2;11
35;3;2;11
35;4;2;11
35;5;5634;11
35;6;16;11
35;7;16;11
35;8;16;11
35;9;16;11
35;10;16;11
35;11;24076;11
35;12;12812;11
35;13;7692;11
35;14;13702;11
35;15;6;11
35;16;6;11
35;17;6;11
35;18;6;11
35;19;6;11
35;20;6;11
35;21;6;11
35;22;6;11
35;23;6;11
35;24;16774;11
35;25;12;11
35;26;12;11
35;27;12;11
35;28;12;11
35;29;12;11
35;30;6412;11
35;31;8;11
35;32;14604;11
35;33;12;11
35;34;12;11
35;35;12;11
35;36;12;11
35;37;12;11
35;38;2438;11
35;39;6;11
35;40;6;11
35;41;6;11
35;42;6;11
35;43;6;11
35;44;6;11
35;45;6;11
35;46;6;11
35;47;6;11
35;48;22918;11
35;49;12;11
36;0;2;11
36;1;2;11
36;2;2;11
36;3;2;11
36;4;2;11
36;5;2;11
36;6;15874;11
36;7;16;11
36;8;16;11
36;9;16;11
36;10;16;11
36;11;16;11
36;12;16;11
36;13;16;11
36;14;6;11
36;15;6;11
36;16;6;11
36;17;6;11
36;18;6;11
36;19;6;11
36;20;6;11
36;21;6;11
36;22;6;11
36;23;16774;11
36;24;12;11
36;25;12;11
36;26;12;11
36;27;12;11
36;28;12;11
36;29;12;11
36;30;21772;11
36;31;8;11
36;32;8;11
36;33;2316;11
36;34;12;11
36;35;12;11
36;36;12;11
36;37;12;11
36;38;18822;11
36;39;6;11
36;40;6;11
36;41;6;11
36;42;6;11
36;43;6;11
36;44;6;11
36;45;6;11
36;46;6;11
36;47;6;11
36;48;11654;11
36;49;12;11
37;0;2;11
37;1;2;11
37;2;2;11
37;3;2;11
37;4;2;11
37;5;2;11
37;6;2;11
37;7;4610;11
37;8;10764;11
37;9;10764;11
37;10;10764;11
37;11;10764;11
37;12;10764;11
37;13;3596;11
37;14;2438;11
37;15;6;11
37;16;6;11
37;17;6;11
37;18;6;11
37;19;6;11
37;20;6;11
37;21;6;11
37;22;6534;11
37;23;12;11
37;24;12;11
37;25;12;11
37;26;12;11
37;27;12;11
37;28;12;11
37;29;6412;11
37;30;8;11
37;31;8;11
37;32;8;11
37;33;18700;11
37;34;12;11
37;35;12;11
37;36;12;11
37;37;12;11
37;38;12;11
37;39;2438;11
37;40;6;11
37;41;6;11
37;42;6;11
37;43;6;11
37;44;6;11
37;45;6;11
37;46;6;11
37;47;6;11
37;48;21894;11
37;49;12;11
38;0;2;11
38;1;2;11
38;2;2;11
38;3;2;11
38;4;2;11
38;5;2;11
38;6;2;11
38;7;2;11
38;8;9292;11
38;9;12;11
38;10;12;11
38;11;12;11
38;12;12;11
38;13;12;11
38;14;9606;11
38;15;6;11
38;16;6;11
38;17;6;11
38;18;6;11
38;19;6;11
38;20;6;11
38;21;6;11
38;22;21894;11
38;23;12;11
38;24;12;11
38;25;12;11
38;26;12;11
38;27;12;11
38;28;12;11
38;29;5388;11
38;30;8;11
38;31;8;11
38;32;8;11
38;33;8;11
38;34;12;11
38;35;12;11
38;36;12;11
38;37;12;11
38;38;12;11
38;39;18822;11
38;40;6;11
38;41;6;11
38;42;6;11
38;43;6;11
38;44;6;11
38;45;6;11
38;46;8582;11
38;47;24966;11
38;48;12;11
38;49;12;11
39;0;2;11
39;1;2;11
39;2;2;11
39;3;2;11
39;4;2;11
39;5;2;11
39;6;2;11
39;7;2;11
39;8;9292;11
39;9;12;11
39;10;12;11
39;11;12;11
39;12;12;11
39;13;12;11
39;14;9606;11
39;15;6;11
39;16;6;11
39;17;6;11
39;18;6;11
39;19;6;11
39;20;6;11
39;21;6534;11
39;22;12;11
39;23;12;11
39;24;12;11
39;25;12;11
39;26;12;11
39;27;12;11
39;28;12;11
39;29;12;11
39;30;4364;11
39;31;10508;11
39;32;10508;11
39;33;3340;11
39;34;12;11
39;35;12;11
39;36;12;11
39;37;12;11
39;38;12;11
39;39;12;11
39;40;2438;11
39;41;6;11
39;42;6;11
39;43;8262;11
39;44;12358;11
39;45;12358;11
39;46;12364;11
39;47;12364;11
39;48;12364;11
39;49;7244;11
40;0;2;11
40;1;2;11
40;2;2;11
40;3;2;11
40;4;2;11
40;5;2;11
40;6;2;11
40;7;2;11
40;8;9292;11
40;9;12;11
40;10;12;11
40;11;12;11
40;12;12;11
40;13;12;11
40;14;27014;11
40;15;12678;11
40;16;7558;11
40;17;6;11
40;18;6;11
40;19;6;11
40;20;6;11
40;21;11654;11
40;22;12;11
40;23;12;11
40;24;12;11
40;25;12;11
40;26;12;11
40;27;12;11
40;28;12;11
40;29;8268;11
40;30;12364;11
40;31;7244;11
40;32;12;11
40;33;12;11
40;34;12;11
40;35;12;11
40;36;12;11
40;37;12;11
40;38;8268;11
40;39;12364;11
40;40;12358;11
40;41;12358;11
40;42;24646;11
40;43;2;11
40;44;2;11
40;45;2;11
40;46;2;11
40;47;2;11
40;48;2;11
40;49;2;11
41;0;2;11
41;1;2;11
41;2;2;11
41;3;2;11
41;4;2;11
41;5;2;11
41;6;2;11
41;7;2;11
41;8;12;11
41;9;8268;11
41;10;12364;11
41;11;12364;11
41;12;12364;11
41;13;12364;11
41;14;12364;11
41;15;12364;11
41;16;12364;11
41;17;7238;11
41;18;8582;11
41;19;12678;11
41;20;12678;11
41;21;29062;11
41;22;12;11
41;23;12;11
41;24;12;11
41;25;12;11
41;26;12;11
41;27;8684;11
41;28;7660;11
41;29;2;11
41;30;2;11
41;31;2;11
41;32;23628;11
41;33;12364;11
41;34;7244;11
41;35;12;11
41;36;8268;11
41;37;24652;11
41;38;2;11
41;39;2;11
41;40;2;11
41;41;2;11
41;42;2;11
41;43;2;11
41;44;2;11
41;45;2;11
41;46;2;11
41;47;2;11
41;48;2;11
41;49;2;11
42;0;2;11
42;1;2;11
42;2;2;11
42;3;2;11
42;4;2;11
42;5;2;11
42;6;2;11
42;7;2;11
42;8;12;11
42;9;2;11
42;10;2;11
42;11;2;11
42;12;2;11
42;13;2;11
42;14;2;11
42;15;2;11
42;16;2;11
42;17;2;11
42;18;2124;11
42;19;12;11
42;20;12;11
42;21;12;11
42;22;12;11
42;23;12;11
42;24;12;11
42;25;12;11
42;26;6636;11
42;27;15;11
42;28;15;11
42;29;2530;11
42;30;2;11
42;31;2;11
42;32;2;11
42;33;2;11
42;34;2;11
42;35;12;11
42;36;2;11
42;37;2;11
42;38;2;11
42;39;2;11
42;40;2;11
42;41;2;11
42;42;2;11
42;43;2;11
42;44;2;11
42;45;2;11
42;46;2;11
42;47;2;11
42;48;2;11
42;49;2;11
43;0;2;11
43;1;2;11
43;2;2;11
43;3;2;11
43;4;2;11
43;5;2;11
43;6;2;11
43;7;2;11
43;8;2;11
43;9;2;11
43;10;2;11
43;11;2;11
43;12;2;11
43;13;2;11
43;14;2;11
43;15;2;11
43;16;2;11
43;17;2;11
43;18;9292;11
43;19;12;11
43;20;12;11
43;21;12;11
43;22;12;11
43;23;12;11
43;24;12;11
43;25;12;11
43;26;21996;11
43;27;15;11
43;28;15;11
43;29;9698;11
43;30;2;11
43;31;2;11
43;32;2;11
43;33;2;11
43;34;2;11
43;35;12;11
43;36;2;11
43;37;2;11
43;38;2;11
43;39;2;11
43;40;2;11
43;41;2;11
43;42;2;11
43;43;2;11
43;44;2;11
43;45;2;11
43;46;2;11
43;47;2;11
43;48;2;11
43;49;2;11
44;0;2;11
44;1;2;11
44;2;2;11
44;3;2;11
44;4;2;11
44;5;2;11
44;6;2;11
44;7;2;11
44;8;2;11
44;9;2;11
44;10;2;11
44;11;2;11
44;12;2;11
44;13;2;11
44;14;2;11
44;15;2;11
44;16;2;11
44;17;2;11
44;18;26700;11
44;19;12364;11
44;20;7244;11
44;21;12;11
44;22;12;11
44;23;8684;11
44;24;12780;11
44;25;25068;11
44;26;15;11
44;27;15;11
44;28;15;11
44;29;1506;11
44;30;2;11
44;31;2;11
44;32;2;11
44;33;2;11
44;34;2;11
44;35;12;11
44;36;2;11
44;37;2;11
44;38;2;11
44;39;2;11
44;40;2;11
44;41;2;11
44;42;2;11
44;43;2;11
44;44;2;11
44;45;2;11
44;46;2;11
44;47;2;11
44;48;2;11
44;49;2;11
45;0;2;11
45;1;2;11
45;2;2;11
45;3;2;11
45;4;2;11
45;5;2;11
45;6;2;11
45;7;2;11
45;8;2;11
45;9;2;11
45;10;2;11
45;11;2;11
45;12;2;11
45;13;2;11
45;14;2;11
45;15;2;11
45;16;2;11
45;17;2;11
45;18;2;11
45;19;2;11
45;20;2;11
45;21;2124;11
45;22;16876;11
45;23;15;11
45;24;15;11
45;25;15;11
45;26;15;11
45;27;26082;11
45;28;3554;11
45;29;2;11
45;30;2;11
45;31;2;11
45;32;2;11
45;33;2;11
45;34;2;11
45;35;2;11
45;36;2;11
45;37;2;11
45;38;2;11
45;39;2;11
45;40;2;11
45;41;2;11
45;42;2;11
45;43;2;11
45;44;2;11
45;45;2;11
45;46;2;11
45;47;2;11
45;48;2;11
45;49;2;11
46;0;2;11
46;1;2;11
46;2;2;11
46;3;2;11
46;4;2;11
46;5;2;11
46;6;2;11
46;7;2;11
46;8;2;11
46;9;2;11
46;10;2;11
46;11;2;11
46;12;2;11
46;13;2;11
46;14;2;11
46;15;2;11
46;16;2;11
46;17;2;11
46;18;2;11
46;19;2;11
46;20;2;11
46;21;6636;11
46;22;15;11
46;23;15;11
46;24;15;11
46;25;15;11
46;26;15;11
46;27;1506;11
46;28;2;11
46;29;2;11
46;30;2;11
46;31;2;11
46;32;2;11
46;33;2;11
46;34;2;11
46;35;2;11
46;36;2;11
46;37;2;11
46;38;2;11
46;39;2;11
46;40;2;11
46;41;2;11
46;42;2;11
46;43;2;11
46;44;2;11
46;45;2;11
46;46;2;11
46;47;2;11
46;48;2;11
46;49;2;11
47;0;2;11
47;1;2;11
47;2;2;11
47;3;2;11
47;4;2;11
47;5;2;11
47;6;2;11
47;7;2;11
47;8;2;11
47;9;2;11
47;10;2;11
47;11;2;11
47;12;2;11
47;13;2;11
47;14;2;11
47;15;2;11
47;16;2;11
47;17;2;11
47;18;2;11
47;19;2;11
47;20;2;11
47;21;5612;11
47;22;15;11
47;23;12364;11
47;24;15;11
47;25;15;11
47;26;13794;11
47;27;2;11
47;28;2;11
47;29;2;11
47;30;2;11
47;31;2;11
47;32;2;11
47;33;2;11
47;34;2;11
47;35;2;11
47;36;2;11
47;37;2;11
47;38;2;11
47;39;2;11
47;40;2;11
47;41;2;11
47;42;2;11
47;43;2;11
47;44;2;11
47;45;2;11
47;46;2;11
47;47;2;11
47;48;2;11
47;49;2;11
48;0;2;11
48;1;2;11
48;2;2;11
48;3;2;11
48;4;2;11
48;5;2;11
48;6;2;11
48;7;2;11
48;8;2;11
48;9;2;11
48;10;2;11
48;11;2;11
48;12;2;11
48;13;2;11
48;14;2;11
48;15;2;11
48;16;2;11
48;17;2;11
48;18;2;11
48;19;2;11
48;20;2;11
48;21;2;11
48;22;2;11
48;23;2;11
48;24;4578;11
48;25;3554;11
48;26;2;11
48;27;2;11
48;28;2;11
48;29;2;11
48;30;2;11
48;31;2;11
48;32;2;11
48;33;2;11
48;34;2;11
48;35;2;11
48;36;2;11
48;37;2;11
48;38;2;11
48;39;2;11
48;40;2;11
48;41;2;11
48;42;2;11
48;43;2;11
48;44;2;11
48;45;2;11
48;46;2;11
48;47;2;11
48;48;2;11
48;49;2;11
49;0;2;11
49;1;2;11
49;2;2;11
49;3;2;11
49;4;2;11
49;5;2;11
49;6;2;11
49;7;2;11
49;8;2;11
49;9;2;11
49;10;2;11
49;11;2;11
49;12;2;11
49;13;2;11
49;14;2;11
49;15;2;11
49;16;2;11
49;17;2;11
49;18;2;11
49;19;2;11
49;20;2;11
49;21;2;11
49;22;2;11
49;23;2;11
49;24;2;11
49;25;2;11
49;26;2;11
49;27;2;11
49;28;2;11
49;29;2;11
49;30;2;11
49;31;2;11
49;32;2;11
49;33;2;11
49;34;2;11
49;35;2;11
49;36;2;11
49;37;2;11
49;38;2;11
49;39;2;11
49;40;2;11
49;41;2;11
49;42;2;11
49;43;2;11
49;44;2;11
49;45;2;11
49;46;2;11
49;47;2;11
49;48;2;11
49;49;2;11
