0;0;623;0
0;1;623;0
0;2;623;0
0;3;623;0
0;4;623;0
0;5;623;0
0;6;623;0
0;7;623;0
0;8;623;0
0;9;623;0
0;10;623;0
0;11;623;0
0;12;629;0
0;15;338;0
0;17;3263;0
0;22;274;0
0;25;1783;0
0;28;1810;0
0;31;3263;0
0;33;274;0
0;35;1783;0
0;38;1810;0
0;40;274;0
0;45;273;0
0;47;1810;0
0;49;274;0
1;0;287;0
1;1;287;0
1;2;287;0
1;3;287;0
1;4;287;0
1;5;287;0
1;6;287;0
1;7;287;0
1;8;287;0
1;9;287;0
1;10;287;0
1;11;287;0
1;12;622;0
1;17;273;0
1;19;1783;0
1;20;301;0
1;21;893;0
1;23;1812;0
1;25;273;0
1;29;1783;0
1;32;273;0
1;34;893;0
1;35;301;0
1;36;273;0
1;40;912;0
1;43;1783;0
2;0;287;0
2;1;287;0
2;2;287;0
2;3;287;0
2;4;287;0
2;5;287;0
2;6;287;0
2;7;287;0
2;8;287;0
2;9;287;0
2;10;287;0
2;11;287;0
2;12;622;0
2;17;338;0
2;24;338;0
2;29;338;0
2;41;273;0
2;48;1783;0
3;0;287;0
3;1;287;0
3;2;287;0
3;3;287;0
3;4;287;0
3;5;287;0
3;6;287;0
3;7;287;0
3;8;287;0
3;9;287;0
3;10;287;0
3;11;287;0
3;12;622;0
3;35;3262;0
3;37;1783;0
3;41;1812;0
3;44;1782;0
3;46;893;0
3;49;1810;0
4;0;287;0
4;1;287;0
4;2;287;0
4;3;287;0
4;4;287;0
4;5;287;0
4;6;287;0
4;7;287;0
4;8;287;0
4;9;287;0
4;10;622;0
4;12;628;0
4;33;338;0
5;0;287;0
5;1;287;0
5;2;287;0
5;3;287;0
5;4;287;0
5;5;287;0
5;6;287;0
5;7;287;0
5;8;622;0
5;10;628;0
5;38;338;0
5;49;273;0
6;0;287;0
6;1;287;0
6;2;287;0
6;3;287;0
6;4;287;0
6;5;287;0
6;6;287;0
6;7;287;0
6;8;622;0
6;13;338;0
6;17;338;0
6;27;338;0
6;33;338;0
6;46;1783;0
7;0;287;0
7;1;287;0
7;2;287;0
7;3;287;0
7;4;287;0
7;5;287;0
7;6;287;0
7;7;287;0
7;8;622;0
7;9;338;0
7;12;387;0
7;47;274;0
7;49;910;0
8;0;287;0
8;1;287;0
8;2;287;0
8;3;287;0
8;4;287;0
8;5;287;0
8;6;287;0
8;7;622;0
8;8;628;0
8;11;1783;0
8;12;273;0
8;13;1250;0
8;14;2169;0
8;19;338;0
8;23;338;0
8;31;1783;0
8;46;1812;0
9;0;287;0
9;1;287;0
9;2;287;0
9;3;287;0
9;4;287;0
9;5;287;0
9;6;622;0
9;7;628;0
9;13;274;0
9;17;1782;0
9;26;1783;0
9;30;1817;0
9;31;301;0
9;32;301;0
9;33;301;0
9;44;338;0
10;0;287;0
10;1;287;0
10;2;287;0
10;3;287;0
10;4;287;0
10;5;287;0
10;6;622;0
10;9;911;0
10;13;2170;0
10;14;1783;0
10;19;913;0
10;20;301;0
10;21;301;0
10;22;274;0
10;23;1251;0
10;25;587;0
10;27;273;0
10;35;913;0
11;0;287;0
11;1;287;0
11;2;287;0
11;3;287;0
11;4;287;0
11;5;287;0
11;6;622;0
11;25;593;0
11;30;387;0
11;38;338;0
11;46;1810;0
11;48;1783;0
12;0;287;0
12;1;287;0
12;2;287;0
12;3;287;0
12;4;287;0
12;5;622;0
12;6;628;0
12;14;1810;0
12;20;273;0
12;22;1783;0
12;31;1810;0
12;46;273;0
13;0;287;0
13;1;287;0
13;2;287;0
13;3;287;0
13;4;287;0
13;5;622;0
13;11;1783;0
13;28;1783;0
13;35;273;0
13;37;301;0
13;46;1276;0
13;48;3263;0
14;0;287;0
14;1;287;0
14;2;287;0
14;3;287;0
14;4;287;0
14;5;622;0
14;9;3263;0
14;12;301;0
14;13;301;0
14;14;301;0
14;15;301;0
14;16;301;0
14;17;301;0
14;18;301;0
14;19;301;0
14;20;301;0
14;21;301;0
14;22;301;0
14;23;301;0
14;24;301;0
14;25;274;0
14;35;3262;0
14;37;203;0
14;45;274;0
15;0;287;0
15;1;287;0
15;2;287;0
15;3;287;0
15;4;287;0
15;5;622;0
15;8;1246;0
15;10;273;0
15;11;274;0
15;12;301;0
15;13;3221;0
15;14;3245;0
15;15;3245;0
15;16;3245;0
15;17;3245;0
15;18;3249;0
15;19;3245;0
15;20;3245;0
15;21;3245;0
15;22;3245;0
15;23;3223;0
15;24;301;0
15;27;273;0
15;31;273;0
15;37;301;0
15;46;203;0
15;49;1810;0
16;0;287;0
16;1;287;0
16;2;287;0
16;3;287;0
16;4;287;0
16;5;622;0
16;6;274;0
16;13;3246;0
16;14;396;0
16;14;267;0
16;16;267;0
16;18;2876;0
16;22;396;0
16;22;267;0
16;23;3244;0
16;24;301;0
16;25;886;0
16;25;898;0
16;28;3263;0
16;44;338;0
16;47;1783;0
16;49;274;0
17;0;287;0
17;1;287;0
17;2;287;0
17;3;287;0
17;4;287;0
17;5;622;0
17;10;1782;0
17;13;3246;0
17;17;2877;0
17;18;2885;0
17;18;2852;0
17;19;2875;0
17;23;3244;0
17;24;301;0
17;32;1782;0
17;38;338;0
18;0;287;0
18;1;287;0
18;2;287;0
18;3;287;0
18;4;622;0
18;5;628;0
18;8;1783;0
18;13;3246;0
18;23;3244;0
18;24;402;0
18;27;1783;0
18;29;274;0
18;47;273;0
18;49;910;0
19;0;287;0
19;1;287;0
19;2;287;0
19;3;287;0
19;4;622;0
19;13;3246;0
19;13;210;0
19;16;956;0
19;23;3244;0
19;24;694;0
19;32;273;0
19;36;1813;0
19;46;1812;0
20;0;287;0
20;1;287;0
20;2;287;0
20;3;287;0
20;4;622;0
20;6;273;0
20;9;910;0
20;13;3250;0
20;13;692;0
20;23;3248;0
20;36;1257;0
21;0;287;0
21;1;287;0
21;2;287;0
21;3;287;0
21;4;622;0
21;13;3246;0
21;14;218;0
21;16;2880;0
21;16;2851;0
21;23;3232;0
21;33;1783;0
21;35;387;0
22;0;287;0
22;1;287;0
22;2;287;0
22;3;287;0
22;4;622;0
22;13;3246;0
22;14;218;0
22;16;2851;0
22;23;3236;0
22;35;1810;0
22;44;338;0
22;48;1810;0
23;0;287;0
23;1;287;0
23;2;287;0
23;3;287;0
23;4;630;0
23;5;623;0
23;6;629;0
23;13;3250;0
23;13;692;0
23;23;3248;0
23;33;273;0
24;0;287;0
24;1;287;0
24;2;287;0
24;3;287;0
24;4;287;0
24;5;287;0
24;6;630;0
24;7;629;0
24;13;3246;0
24;13;210;0
24;16;956;0
24;23;3244;0
24;24;694;0
24;35;338;0
24;45;3262;0
24;49;1783;0
25;0;287;0
25;1;287;0
25;2;287;0
25;3;287;0
25;4;287;0
25;5;287;0
25;6;287;0
25;7;622;0
25;8;1251;0
25;13;3246;0
25;17;2877;0
25;18;2885;0
25;18;2852;0
25;19;2875;0
25;23;3244;0
25;24;402;0
25;26;1783;0
25;28;274;0
25;30;621;0
25;31;621;0
25;43;892;0
25;46;274;0
26;0;287;0
26;1;287;0
26;2;287;0
26;3;287;0
26;4;287;0
26;5;287;0
26;6;287;0
26;7;622;0
26;9;273;0
26;13;3246;0
26;14;396;0
26;18;2878;0
26;20;1003;0
26;22;396;0
26;23;3244;0
26;24;301;0
26;28;203;0
26;30;620;0
26;31;620;0
26;40;338;0
26;43;1783;0
26;47;1808;0
27;0;287;0
27;1;287;0
27;2;287;0
27;3;287;0
27;4;287;0
27;5;287;0
27;6;622;0
27;7;628;0
27;9;274;0
27;13;3220;0
27;14;3247;0
27;15;3247;0
27;15;265;0
27;16;3247;0
27;17;3247;0
27;18;3251;0
27;19;3247;0
27;20;3247;0
27;21;3247;0
27;21;265;0
27;22;3247;0
27;23;3222;0
27;24;301;0
27;25;886;0
27;25;897;0
27;30;619;0
27;31;619;0
27;43;1273;0
27;44;273;0
27;48;1783;0
28;0;287;0
28;1;287;0
28;2;287;0
28;3;287;0
28;4;287;0
28;5;287;0
28;6;622;0
28;23;301;0
28;24;273;0
28;24;301;0
28;25;1251;0
28;27;338;0
28;30;619;0
28;31;619;0
28;49;1807;0
29;0;287;0
29;1;287;0
29;2;287;0
29;3;287;0
29;4;287;0
29;5;622;0
29;6;628;0
29;9;1783;0
29;23;1810;0
29;29;338;0
29;30;619;0
29;31;619;0
29;44;1810;0
30;0;287;0
30;1;287;0
30;2;287;0
30;3;287;0
30;4;622;0
30;5;628;0
30;30;619;0
30;31;619;0
30;45;1783;0
30;46;1812;0
31;0;287;0
31;1;287;0
31;2;287;0
31;3;287;0
31;4;622;0
31;9;1810;0
31;13;274;0
31;16;1783;0
31;17;387;0
31;18;387;0
31;19;1783;0
31;30;619;0
31;31;619;0
31;49;1808;0
32;0;287;0
32;1;287;0
32;2;287;0
32;3;287;0
32;4;622;0
32;5;273;0
32;12;910;0
32;14;273;0
32;16;1810;0
32;21;338;0
32;30;619;0
32;31;619;0
33;0;287;0
33;1;287;0
33;2;287;0
33;3;287;0
33;4;622;0
33;25;338;0
33;30;619;0
33;31;619;0
33;32;338;0
33;44;338;0
33;46;301;0
33;47;301;0
33;48;301;0
33;49;301;0
34;0;287;0
34;1;287;0
34;2;287;0
34;3;287;0
34;4;630;0
34;5;623;0
34;6;623;0
34;7;629;0
34;16;338;0
34;28;273;0
34;30;620;0
34;31;620;0
34;34;1813;0
34;35;387;0
34;37;338;0
34;46;623;0
34;47;623;0
34;48;623;0
34;49;629;0
35;0;287;0
35;1;287;0
35;2;287;0
35;3;287;0
35;4;287;0
35;5;287;0
35;6;287;0
35;7;622;0
35;14;338;0
35;26;387;0
35;28;1810;0
35;30;618;0
35;31;618;0
35;37;274;0
35;41;627;0
35;42;623;0
35;43;623;0
35;44;623;0
35;45;623;0
35;46;287;0
35;47;287;0
35;48;287;0
35;49;622;0
36;0;287;0
36;1;287;0
36;2;287;0
36;3;287;0
36;4;287;0
36;5;287;0
36;6;287;0
36;7;622;0
36;8;3263;0
36;12;273;0
36;24;1813;0
36;26;1783;0
36;34;273;0
36;35;1783;0
36;37;1810;0
36;42;287;0
36;43;287;0
36;44;287;0
36;45;287;0
36;46;287;0
36;47;287;0
36;48;287;0
36;49;622;0
37;0;287;0
37;1;287;0
37;2;287;0
37;3;287;0
37;4;287;0
37;5;287;0
37;6;287;0
37;7;630;0
37;8;623;0
37;9;623;0
37;10;623;0
37;11;623;0
37;12;623;0
37;13;623;0
37;14;629;0
37;22;338;0
37;25;274;0
37;32;3263;0
37;35;301;0
37;36;301;0
37;37;301;0
37;38;627;0
37;39;623;0
37;40;623;0
37;41;623;0
37;42;287;0
37;43;287;0
37;44;287;0
37;45;287;0
37;46;287;0
37;47;287;0
37;48;287;0
37;49;622;0
38;0;287;0
38;1;287;0
38;2;287;0
38;3;287;0
38;4;287;0
38;5;287;0
38;6;287;0
38;7;287;0
38;8;287;0
38;9;287;0
38;10;287;0
38;11;287;0
38;12;287;0
38;13;287;0
38;13;630;0
38;14;623;0
38;15;623;0
38;16;623;0
38;17;623;0
38;18;629;0
38;23;627;0
38;24;623;0
38;25;623;0
38;26;629;0
38;28;1782;0
38;30;627;0
38;31;623;0
38;32;623;0
38;33;623;0
38;34;629;0
38;35;301;0
38;36;627;0
38;37;623;0
38;38;623;0
38;39;287;0
38;40;287;0
38;41;287;0
38;42;287;0
38;43;287;0
38;44;287;0
38;45;287;0
38;46;287;0
38;47;287;0
38;48;287;0
38;49;622;0
39;0;287;0
39;1;287;0
39;2;287;0
39;3;287;0
39;4;287;0
39;5;287;0
39;6;287;0
39;7;287;0
39;8;287;0
39;9;287;0
39;10;287;0
39;11;287;0
39;12;287;0
39;13;287;0
39;14;287;0
39;15;287;0
39;16;287;0
39;17;287;0
39;18;622;0
39;22;627;0
39;23;623;0
39;24;287;0
39;25;287;0
39;26;597;0
39;30;598;0
39;31;287;0
39;32;287;0
39;33;287;0
39;34;630;0
39;35;623;0
39;36;623;0
39;37;287;0
39;38;287;0
39;39;287;0
39;40;287;0
39;41;287;0
39;42;287;0
39;43;287;0
39;44;287;0
39;45;287;0
39;46;287;0
39;47;287;0
39;48;287;0
39;49;622;0
40;0;287;0
40;1;287;0
40;2;287;0
40;3;287;0
40;4;287;0
40;5;287;0
40;6;287;0
40;7;287;0
40;8;287;0
40;9;287;0
40;10;287;0
40;11;287;0
40;12;287;0
40;13;287;0
40;14;287;0
40;15;287;0
40;16;287;0
40;17;287;0
40;18;630;0
40;19;623;0
40;20;623;0
40;21;629;0
40;23;287;0
40;24;287;0
40;25;622;0
40;33;287;0
40;34;287;0
40;35;287;0
40;36;287;0
40;37;287;0
40;38;287;0
40;39;287;0
40;40;287;0
40;41;287;0
40;42;287;0
40;43;287;0
40;44;287;0
40;45;287;0
40;46;287;0
40;47;287;0
40;48;287;0
40;49;622;0
41;0;287;0
41;1;287;0
41;2;287;0
41;3;287;0
41;4;287;0
41;5;287;0
41;6;287;0
41;7;287;0
41;8;287;0
41;9;287;0
41;10;287;0
41;11;287;0
41;12;287;0
41;13;287;0
41;14;287;0
41;15;287;0
41;16;287;0
41;17;287;0
41;18;287;0
41;19;287;0
41;20;287;0
41;21;630;0
41;22;623;0
41;23;287;0
41;24;622;0
41;25;628;0
41;35;287;0
41;36;287;0
41;37;287;0
41;38;287;0
41;39;287;0
41;40;287;0
41;41;287;0
41;42;287;0
41;43;287;0
41;44;287;0
41;45;287;0
41;46;287;0
41;47;287;0
41;48;287;0
41;49;622;0
42;0;287;0
42;1;287;0
42;2;287;0
42;3;287;0
42;4;287;0
42;5;287;0
42;6;287;0
42;7;287;0
42;8;287;0
42;9;287;0
42;10;287;0
42;11;287;0
42;12;287;0
42;13;287;0
42;14;287;0
42;15;287;0
42;16;287;0
42;17;287;0
42;18;287;0
42;19;287;0
42;20;287;0
42;21;287;0
42;22;287;0
42;23;287;0
42;24;622;0
42;27;1783;0
42;34;623;0
42;35;287;0
42;36;287;0
42;37;287;0
42;38;287;0
42;39;287;0
42;40;287;0
42;41;287;0
42;42;287;0
42;43;287;0
42;44;287;0
42;45;287;0
42;46;287;0
42;47;287;0
42;48;287;0
42;49;622;0
43;0;287;0
43;1;287;0
43;2;287;0
43;3;287;0
43;4;287;0
43;5;287;0
43;6;287;0
43;7;287;0
43;8;287;0
43;9;287;0
43;10;287;0
43;11;287;0
43;12;287;0
43;13;287;0
43;14;287;0
43;15;287;0
43;16;287;0
43;17;287;0
43;18;287;0
43;19;287;0
43;20;287;0
43;21;287;0
43;22;287;0
43;23;622;0
43;24;628;0
43;32;627;0
43;33;623;0
43;34;287;0
43;35;287;0
43;36;287;0
43;37;287;0
43;38;287;0
43;39;287;0
43;40;287;0
43;41;287;0
43;42;287;0
43;43;287;0
43;44;287;0
43;45;287;0
43;46;287;0
43;47;287;0
43;48;287;0
43;49;622;0
44;0;287;0
44;1;287;0
44;2;287;0
44;3;287;0
44;4;287;0
44;5;287;0
44;6;287;0
44;7;287;0
44;8;287;0
44;9;287;0
44;10;287;0
44;11;287;0
44;12;287;0
44;13;287;0
44;14;287;0
44;15;287;0
44;16;287;0
44;17;287;0
44;18;287;0
44;19;287;0
44;20;287;0
44;21;287;0
44;22;622;0
44;23;628;0
44;31;627;0
44;32;623;0
44;33;287;0
44;34;287;0
44;35;287;0
44;36;287;0
44;37;287;0
44;38;287;0
44;39;287;0
44;40;287;0
44;41;287;0
44;42;287;0
44;43;287;0
44;44;287;0
44;45;287;0
44;46;287;0
44;47;287;0
44;48;287;0
44;49;622;0
45;0;287;0
45;1;287;0
45;2;287;0
45;3;287;0
45;4;287;0
45;5;287;0
45;6;287;0
45;7;287;0
45;8;287;0
45;9;287;0
45;10;287;0
45;11;287;0
45;12;287;0
45;13;287;0
45;14;287;0
45;15;287;0
45;16;287;0
45;17;287;0
45;18;287;0
45;19;287;0
45;20;287;0
45;21;622;0
45;22;628;0
45;25;35;0
45;32;287;0
45;33;287;0
45;34;287;0
45;35;287;0
45;36;287;0
45;37;287;0
45;38;287;0
45;39;287;0
45;40;287;0
45;41;287;0
45;42;287;0
45;43;287;0
45;44;287;0
45;45;287;0
45;46;287;0
45;47;287;0
45;48;287;0
45;49;622;0
46;0;287;0
46;1;287;0
46;2;287;0
46;3;287;0
46;4;287;0
46;5;287;0
46;6;287;0
46;7;287;0
46;8;287;0
46;9;287;0
46;10;287;0
46;11;287;0
46;12;287;0
46;13;287;0
46;14;287;0
46;15;287;0
46;16;287;0
46;17;287;0
46;18;287;0
46;19;287;0
46;20;287;0
46;21;622;0
46;27;1783;0
46;30;627;0
46;31;623;0
46;32;287;0
46;33;287;0
46;34;287;0
46;35;287;0
46;36;287;0
46;37;287;0
46;38;287;0
46;39;287;0
46;40;287;0
46;41;287;0
46;42;287;0
46;43;287;0
46;44;287;0
46;45;287;0
46;46;287;0
46;47;287;0
46;48;287;0
46;49;622;0
47;0;287;0
47;1;287;0
47;2;287;0
47;3;287;0
47;4;287;0
47;5;287;0
47;6;287;0
47;7;287;0
47;8;287;0
47;9;287;0
47;10;287;0
47;11;287;0
47;12;287;0
47;13;287;0
47;14;287;0
47;15;287;0
47;16;287;0
47;17;287;0
47;18;287;0
47;19;287;0
47;20;287;0
47;21;630;0
47;22;623;0
47;23;629;0
47;28;627;0
47;29;623;0
47;30;623;0
47;31;287;0
47;32;287;0
47;33;287;0
47;34;287;0
47;35;287;0
47;36;287;0
47;37;287;0
47;38;287;0
47;39;287;0
47;40;287;0
47;41;287;0
47;42;287;0
47;43;287;0
47;44;287;0
47;45;287;0
47;46;287;0
47;47;287;0
47;48;287;0
47;49;622;0
48;0;287;0
48;1;287;0
48;2;287;0
48;3;287;0
48;4;287;0
48;5;287;0
48;6;287;0
48;7;287;0
48;8;287;0
48;9;287;0
48;10;287;0
48;11;287;0
48;12;287;0
48;13;287;0
48;14;287;0
48;15;287;0
48;16;287;0
48;17;287;0
48;18;287;0
48;19;287;0
48;20;287;0
48;21;287;0
48;22;287;0
48;23;630;0
48;24;623;0
48;25;623;0
48;26;623;0
48;27;623;0
48;28;623;0
48;29;287;0
48;30;287;0
48;31;287;0
48;32;287;0
48;33;287;0
48;34;287;0
48;35;287;0
48;36;287;0
48;37;287;0
48;38;287;0
48;39;287;0
48;40;287;0
48;41;287;0
48;42;287;0
48;43;287;0
48;44;287;0
48;45;287;0
48;46;287;0
48;47;287;0
48;48;287;0
48;49;622;0
49;0;287;0
49;1;287;0
49;2;287;0
49;3;287;0
49;4;287;0
49;5;287;0
49;6;287;0
49;7;287;0
49;8;287;0
49;9;287;0
49;10;287;0
49;11;287;0
49;12;287;0
49;13;287;0
49;14;287;0
49;15;287;0
49;16;287;0
49;17;287;0
49;18;287;0
49;19;287;0
49;20;287;0
49;21;287;0
49;22;287;0
49;23;287;0
49;24;287;0
49;25;287;0
49;26;287;0
49;27;287;0
49;28;287;0
49;29;287;0
49;30;287;0
49;31;287;0
49;32;287;0
49;33;287;0
49;34;287;0
49;35;287;0
49;36;287;0
49;37;287;0
49;38;287;0
49;39;287;0
49;40;287;0
49;41;287;0
49;42;287;0
49;43;287;0
49;44;287;0
49;45;287;0
49;46;287;0
49;47;287;0
49;48;287;0
49;49;622;0
